225,35
10,229
10,79
10,193
10,301
10,83
10,237
10,5
11,7
11,19
11,11
11,2
11,3
9,5
9,3
8,8
8,14
8,11
8,9
8,10
8,2
8,3
0,561
198,3
198,2
198,1
198,0
197,3
197,2
197,1
197,0
191,7
191,6
191,5
191,4
191,3
191,2
191,1
191,0
189,7
189,6
189,5
189,4
189,3
189,2
189,1
189,0
186,6
186,5
186,4
186,3
186,2
186,1
186,0
184,4
184,3
184,2
184,1
184,0
178,4
178,3
178,2
178,1
178,0
177,5
177,4
177,3
177,2
177,1
177,0
170,4
170,3
170,2
170,1
170,0
169,5
169,4
169,3
169,2
169,1
169,0
142,3
142,1
113,3
113,2
113,1
98,3
98,1
20,3
20,2
20,1
19,3
19,2
19,1
18,3
18,1
14,5
14,4
14,3
14,1
13,3
13,1
12,3
12,2
12,1
11,30
11,29
11,28
11,27
11,26
11,25
11,24
11,23
11,20
11,5
11,1
11,4
10,264
10,190
